========= Results =========

----- Linguistic 0: ------

Membership Functions:
-60, -30, -20, -15
-20, -15, -10, -4
-5, 0, 0, 5
4, 10, 15, 20
15, 20, 30, 60
Hits: 80, Misses: 10, Downed: 10

Membership Functions:
-60, -58.30882, -53.66272, -17.97618
-22.44128, -17.37739, -17.08515, 0.04424119
-8.626575, 7.284637, 8.053778, 8.626575
8.355507, 22.9482, 23.63193, 27.62806
25.56501, 58.26857, 59.63116, 60
Hits: 90, Misses: 3, Downed: 7

Membership Functions:
-60, -56.41513, -52.83784, -15.71324
-15.97111, -15.68195, -11.25693, -0.9237263
-2.32581, -0.03913808, 1.82119, 2.32581
2.097791, 11.86419, 16.53313, 18.31999
18.03306, 47.42755, 57.21282, 60
Hits: 59, Misses: 27, Downed: 14

Membership Functions:
-60, -37.56856, -30.93331, -25.52331
-27.49862, -21.52199, -6.479865, -3.426217
-3.977351, 1.141674, 2.767301, 3.977351
3.282387, 12.95509, 15.07488, 22.17344
19.4176, 54.09253, 56.63705, 60
Hits: 73, Misses: 17, Downed: 10

Membership Functions:
-60, -44.55296, -34.0791, -20.8507
-21.04984, -12.38169, -11.27738, -4.610726
-5.654219, -4.456573, 2.986232, 5.654219
5.513013, 12.43689, 22.11966, 23.12421
22.5879, 31.46976, 48.60487, 60
Hits: 82, Misses: 10, Downed: 8

Membership Functions:
-60, -55.49184, -33.52914, -12.7566
-13.72834, -11.6549, -8.825985, -5.702169
-9.703685, 7.947246, 8.8725, 9.703685
9.479692, 16.04923, 18.29508, 19.31142
18.93745, 37.9479, 42.49142, 60
Hits: 87, Misses: 7, Downed: 6

Membership Functions:
-60, -29.92968, -27.1847, -20.94693
-21.31974, -20.19356, -14.76983, -4.947042
-5.772546, -1.861919, 4.133681, 5.772546
4.423444, 18.33194, 21.9918, 25.26323
23.67811, 42.30255, 48.58986, 60
Hits: 84, Misses: 8, Downed: 8

Membership Functions:
-60, -59.88076, -59.83617, -24.66805
-26.85049, -24.47099, -23.2564, -7.611337
-8.174961, -7.035861, 7.886042, 8.174961
7.992362, 13.03817, 13.7038, 13.7174
13.7101, 37.48283, 50.23173, 60
Hits: 77, Misses: 12, Downed: 11

Membership Functions:
-60, -45.6605, -37.37498, -15.103
-15.56501, -14.8949, -14.63347, -0.5733947
-2.028949, 0.04218525, 1.546949, 2.028949
1.674907, 11.8986, 15.92276, 22.06576
18.76342, 31.80835, 38.98134, 60
Hits: 66, Misses: 20, Downed: 14

Membership Functions:
-60, -33.66576, -33.58839, -19.98954
-22.2296, -12.96474, -8.404973, -0.7966249
-5.664942, 3.058058, 4.177135, 5.664942
5.486, 9.424633, 13.80327, 15.90353
14.15762, 22.17566, 45.43246, 60
Hits: 80, Misses: 9, Downed: 11
--- Best Variants ---
Most hits: 1, Least misses: 1, Least downed: 5, Least misses and downed: 1

----- Linguistic 1: ------

Membership Functions:
-25, -17.01812, -10.52842, -9.552255
-9.87007, -7.288911, -7.255608, -0.002883491
-0.009208918, -0.002725232, 0.006419177, 0.009208918
0.008714007, 3.053006, 5.420191, 5.716224
5.649908, 12.18176, 12.26254, 25
Hits: 66, Misses: 19, Downed: 15

Membership Functions:
-25, -24.35415, -24.29262, -9.282395
-9.867176, -8.834875, -8.07573, -0.4556231
-0.4703715, -0.4472129, 0.4644917, 0.4703715
0.464843, 0.6751869, 6.324091, 6.460176
6.429683, 18.11798, 22.29496, 25
Hits: 70, Misses: 19, Downed: 11

Membership Functions:
-25, -17.9138, -8.390104, -3.017353
-3.61589, -2.540049, -1.8442, -0.02991137
-0.07047057, 0.03349692, 0.03548163, 0.07047057
0.0634189, 3.486608, 4.5259, 5.814859
5.75295, 8.525779, 12.07382, 25
Hits: 76, Misses: 12, Downed: 12

Membership Functions:
-25, -15.48994, -15.22061, -7.087344
-9.813112, -5.431624, -5.147051, -0.09090689
-0.3624897, 0.05534744, 0.07719646, 0.3624897
0.1629388, 4.371836, 4.58189, 5.112005
4.608352, 14.78471, 14.85543, 25
Hits: 68, Misses: 16, Downed: 16

Membership Functions:
-25, -16.17114, -15.40985, -8.964619
-9.413926, -6.760973, -5.811298, -0.2428936
-0.3788943, -0.1613314, 0.2046175, 0.3788943
0.3787086, 4.754455, 5.711559, 7.229228
6.538692, 17.73683, 21.23611, 25
Hits: 71, Misses: 19, Downed: 10

Membership Functions:
-25, -23.87568, -17.52024, -3.860969
-6.268764, -1.858474, -1.786637, -1.382879
-1.87413, -0.2569826, 1.504219, 1.87413
1.714953, 4.830656, 6.830152, 7.897888
7.269358, 15.41651, 19.94891, 25
Hits: 27, Misses: 70, Downed: 3

Membership Functions:
-25, -24.46866, -24.21446, -7.449362
-7.847089, -7.398538, -0.7235773, -0.2939664
-0.2970381, 0.03666422, 0.06161447, 0.2970381
0.1233352, 1.861255, 2.279331, 6.210789
2.699803, 22.36753, 23.4083, 25
Hits: 78, Misses: 12, Downed: 10

Membership Functions:
-25, -24.74842, -24.3308, -9.635077
-9.930177, -8.276555, -7.428616, -0.6559824
-0.7002963, -0.5997585, -0.1128168, 0.7002963
-0.06971063, 7.106954, 7.342688, 7.567957
7.363338, 16.60281, 17.70026, 25
Hits: 70, Misses: 14, Downed: 16

Membership Functions:
-25, -20.73556, -13.69077, -6.617226
-6.631885, -6.555195, -6.515591, -1.055153
-1.855174, -0.3291821, 0.1634316, 1.855174
0.7514746, 5.002204, 8.127629, 8.412344
8.155731, 15.2237, 21.54259, 25
Hits: 74, Misses: 20, Downed: 6
--- Best Variants ---
Most hits: 7, Least misses: 6, Least downed: 6, Least misses and downed: 6

----- Linguistic 2: ------

Membership Functions:
-20, -19.60455, -18.36777, -9.780285
-9.809213, -9.752367, -9.726532, -0.9566097
-1.709688, 1.400669, 1.41381, 1.709688
1.535211, 12.71926, 13.72999, 13.8865
13.81095, 19.38043, 19.94725, 20
Hits: 75, Misses: 19, Downed: 6

Membership Functions:
-20, -19.77677, -18.78198, -6.936318
-6.947764, -6.926249, -5.84491, -0.7096746
-1.024406, -0.3839571, -0.3140784, 1.024406
0.3176998, 6.847458, 7.09398, 7.79798
7.385256, 13.48148, 13.59032, 20
Hits: 79, Misses: 12, Downed: 9

Membership Functions:
-20, -15.48341, -14.81162, -10.89942
-12.71732, -4.417825, -4.06247, -0.922883
-0.9884602, 0.2061213, 0.834585, 0.9884602
0.8926524, 3.270985, 7.317982, 8.443969
7.937849, 17.84345, 19.44738, 20
Hits: 74, Misses: 15, Downed: 11

Membership Functions:
-20, -18.93908, -13.46461, -9.308348
-9.403986, -9.038437, -8.803728, -0.4748683
-0.609428, 0.2606557, 0.5917811, 0.609428
0.6094023, 5.339358, 6.920161, 7.813719
7.447498, 10.71801, 11.26152, 20
Hits: 69, Misses: 13, Downed: 18

Membership Functions:
-20, -19.26436, -11.8425, -9.333683
-11.09603, -8.196509, 0.1328506, 0.4975692
-1.487977, 0.6634021, 1.031093, 1.487977
1.454497, 10.44955, 11.47697, 13.95325
11.83364, 19.89117, 19.98662, 20
Hits: 80, Misses: 13, Downed: 7

Membership Functions:
-20, -19.45565, -15.8359, -8.950862
-9.055125, -7.884211, -5.670672, -0.5000424
-1.071722, 0.02255702, 0.1180806, 1.071722
0.3791907, 6.484953, 6.562922, 6.652251
6.610299, 15.79441, 19.76223, 20
Hits: 78, Misses: 13, Downed: 9

Membership Functions:
-20, -19.8194, -19.69259, -14.41592
-14.68203, -10.28704, -10.01475, -0.2476233
-1.025027, -0.01366055, 0.0200265, 1.025027
0.1143068, 4.894575, 6.712655, 7.086303
6.964682, 11.12197, 15.32867, 20
Hits: 72, Misses: 17, Downed: 11

Membership Functions:
-20, -19.26793, -15.0796, -10.35164
-10.73788, -9.728724, -5.767011, -0.5288369
-1.069192, -0.4722388, 1.01903, 1.069192
1.045205, 6.221253, 6.505504, 6.654499
6.521174, 16.08051, 17.57907, 20
Hits: 72, Misses: 13, Downed: 15

Membership Functions:
-20, -13.94875, -13.23298, -6.377001
-6.998419, -5.411425, 0.07101238, 0.5907933
-0.8455631, 0.760282, 0.8232841, 0.8455631
0.8388579, 9.75006, 10.31146, 11.74599
11.13344, 12.07999, 14.15371, 20
Hits: 67, Misses: 24, Downed: 9
--- Best Variants ---
Most hits: 5, Least misses: 1, Least downed: 1, Least misses and downed: 1

----- Linguistic 3: ------

Membership Functions:
-42, -35.08996, -27.47365, -18.77049
-20.89645, -18.3607, -7.457604, -0.7131112
-1.577017, -0.6240852, -0.05414382, 1.577017
0.8843085, 7.540067, 8.845177, 10.13362
9.789991, 22.06358, 23.88973, 42
Hits: 71, Misses: 17, Downed: 12

Membership Functions:
-42, -33.94171, -23.09805, -10.11681
-11.53921, -9.268657, -8.395308, -0.4120774
-1.860344, 1.657231, 1.771768, 1.860344
1.828034, 3.762068, 8.221802, 8.702196
8.369926, 29.23104, 31.93067, 42
Hits: 44, Misses: 43, Downed: 13

Membership Functions:
-42, -41.78569, -40.78311, -5.328269
-7.995303, -2.575989, -2.231292, 0.3166869
-0.4020603, 0.321976, 0.354815, 0.4020603
0.3792218, 10.51344, 11.1068, 11.4994
11.13367, 25.8638, 32.8327, 42
Hits: 69, Misses: 22, Downed: 9

Membership Functions:
-42, -34.17709, -30.8487, -14.96423
-16.3996, -13.47433, -7.93644, -0.06054624
-0.06962061, -0.04128022, 0.01898172, 0.06962061
0.05929004, 3.332618, 5.126145, 8.972629
8.7576, 38.54384, 39.36848, 42
Hits: 80, Misses: 14, Downed: 6

Membership Functions:
-42, -22.80161, -12.83394, -5.847974
-10.53448, -2.464065, -0.6205769, 0.5575262
-0.7121807, 0.5809981, 0.6922648, 0.7121807
0.7006437, 4.925632, 8.651907, 16.46366
8.901187, 20.92893, 34.00528, 42
Hits: 79, Misses: 9, Downed: 12

Membership Functions:
-42, -26.72752, -24.64256, -18.24422
-21.65992, -15.37776, -11.70286, -0.9770041
-1.408748, -0.1539453, 0.3229035, 1.408748
0.3537544, 9.627892, 14.82976, 17.92274
15.10152, 26.89095, 36.47149, 42
Hits: 64, Misses: 25, Downed: 11

Membership Functions:
-42, -41.98179, -35.67027, -7.020767
-9.345396, -4.294224, -1.440466, -0.7856129
-1.480244, -0.6721761, -0.2010116, 1.480244
0.7073764, 4.657307, 8.092325, 11.99458
10.79392, 25.57273, 36.48879, 42
Hits: 75, Misses: 11, Downed: 14

Membership Functions:
-42, -32.29663, -31.672, -5.268016
-12.01911, -2.664526, -0.8046839, -0.5736325
-0.7443305, -0.4658972, 0.6852769, 0.7443305
0.7413976, 9.48243, 14.67255, 18.1141
17.60266, 41.69604, 41.74899, 42
Hits: 73, Misses: 15, Downed: 12

Membership Functions:
-42, -41.08397, -27.35893, -10.2162
-11.61709, -10.13273, -7.052145, -0.5501379
-1.002843, -0.09093034, 0.8194275, 1.002843
0.8843945, 4.576719, 17.3864, 17.4405
17.39607, 34.4697, 36.61837, 42
Hits: 72, Misses: 18, Downed: 10
--- Best Variants ---
Most hits: 4, Least misses: 4, Least downed: 4, Least misses and downed: 4

----- Linguistic 4: ------

Membership Functions:
-50, -43.09789, -40.12972, -11.37817
-12.85926, -9.949634, -7.529303, -0.3029728
-0.5587264, 0.2910723, 0.5318729, 0.5587264
0.5564067, 5.70632, 12.83416, 13.45864
12.98153, 15.51094, 18.64356, 50
Hits: 85, Misses: 3, Downed: 12

Membership Functions:
-50, -34.08247, -18.49437, -8.472412
-8.590087, -8.093565, -7.767072, -0.5124364
-1.066817, 0.1094068, 1.052925, 1.066817
1.059086, 10.05499, 11.48391, 11.68551
11.57858, 46.7708, 46.89846, 50
Hits: 75, Misses: 10, Downed: 15

Membership Functions:
-50, -44.18031, -41.80395, -4.073833
-5.703708, -3.014762, -1.733632, -1.397152
-1.98893, 0.8265767, 1.001138, 1.98893
1.61813, 8.339557, 12.52825, 12.55107
12.53829, 41.32406, 44.08266, 50
Hits: 76, Misses: 18, Downed: 6

Membership Functions:
-50, -47.11516, -44.44923, -7.43159
-10.36965, -7.207731, -5.789754, -0.5221232
-1.15903, 0.1367062, 1.050716, 1.15903
1.109256, 3.129215, 11.2693, 13.98002
13.54615, 41.23547, 43.58299, 50
Hits: 82, Misses: 5, Downed: 13

Membership Functions:
-50, -37.04021, -16.09343, -6.43301
-6.949918, -5.675979, -3.536679, 0.1302454
-0.542832, 0.3835294, 0.5082293, 0.542832
0.5295487, 5.854097, 7.758801, 9.816021
7.995073, 39.57151, 48.60328, 50
Hits: 78, Misses: 9, Downed: 13

Membership Functions:
-50, -45.41997, -19.61342, -12.34196
-12.39885, -12.09362, -10.84354, -1.45747
-1.541145, -1.278734, 1.42011, 1.541145
1.495002, 1.851793, 4.444684, 14.43687
11.35431, 47.10276, 47.20815, 50
Hits: 79, Misses: 3, Downed: 18

Membership Functions:
-50, -49.26415, -23.02056, -10.16195
-10.6641, -8.564794, -4.956827, -0.243949
-0.8008431, 0.1482656, 0.5595238, 0.8008431
0.7683588, 4.723279, 7.013867, 8.112687
7.229371, 39.46464, 41.2893, 50
Hits: 88, Misses: 3, Downed: 9

Membership Functions:
-50, -25.83861, -23.53333, -10.6983
-12.23694, -10.54727, -9.090715, -0.8127234
-1.26813, -0.01156521, 0.85619, 1.26813
1.034138, 4.196034, 7.229446, 7.73083
7.312682, 44.44736, 47.5586, 50
Hits: 88, Misses: 3, Downed: 9

Membership Functions:
-50, -31.25938, -15.47258, -13.28549
-13.29213, -13.2566, -12.39032, 1.328658
-1.480784, 1.371191, 1.437447, 1.480784
1.472955, 3.098838, 5.691763, 6.60488
6.223351, 34.17129, 48.4166, 50
Hits: 81, Misses: 12, Downed: 7
--- Best Variants ---
Most hits: 7, Least misses: 1, Least downed: 1, Least misses and downed: 1

======= Finished =======
